 5.1818
 7.6884
 6.7860
 6.4907
 4.2102
 1.1412
 4.4724
 7.5191
 3.0659
 4.4238
 5.0600
 1.7280

10.8063
 5.5930
 5.1588
 1.7855
 2.3836
 5.0316
 3.3862
 4.3513
 1.3131
 2.5736
 1.1529

 2.9516
 4.4277
 1.8414
 6.2624
 6.7656
 0.6306
 2.8340
 8.3116
 4.8223
 3.7025
 1.7308

 7.9495
 3.0811
 9.2459
 3.6388
 6.7662
 4.7589
 4.1285
 9.2287
 6.2974
 3.5937
 8.9194
 2.9885
 4.3693
 7.8559
 2.2591
 2.4726

 3.2353
 4.9716
 0.7842
 4.0175
 7.1935
 3.3617
 9.7354
 0.7891
 7.0757
 0.6017
22.2211
 9.4974
 4.6813
 7.4293
 7.4758
 4.9749
 4.4060

 4.6886
 2.8413
 6.0692
 1.1073
 5.8193
 6.6284
 2.4872
 0.7502
 5.6357
 6.7094
 5.5722
 4.2804
 7.7922
 3.3662
 7.7392
 4.6009

 4.8988
 3.9640
 2.8033
 9.0731
 4.0678
 4.5724
 3.6435
 1.3484
 3.8821
 9.0841
 3.8643
 7.7909
 5.0701
 1.6930
 9.9692
 1.3622
 5.4561

 4.7210
 6.7089
17.4178
 5.6394
 3.5175
 6.9300
 3.8426
 6.3269
 3.4446
 6.0397
 2.0075
 6.9103
 3.7381
 4.2579
 8.8321
 3.3717
 3.7170
 1.4541

 2.2718
 1.9916
 6.1888
 4.1078
 2.3805
 2.6381
 3.9409
 7.1053
 5.1877
 5.9589
 2.2683
 4.5851
 4.7094
 2.0591
 2.2899
 7.2745

 3.1307
 9.2135
 5.4519
 2.1295
 7.2213
 6.3499
 6.2256
 8.8641
 8.4895
 8.9077
 6.0419
 5.2276
 6.3487

 4.9856
10.1367
 7.0217
 4.6926
 2.7335
 7.8681
10.4918
 4.1900
 5.9066
 2.6807
 3.8249
 5.6454
 7.3822
 9.9542
 6.1025

 9.0090
 3.4609
 6.0210
 2.1591
 5.1064
 5.0561
 3.1687
 3.0698
 2.5832
 2.5470
 5.5369
 3.1573
11.1600
 1.6731

 4.9101
 1.3058
 5.2300
 5.0496
 0.7113
 3.6410
 3.1285
 6.0574
 5.5865
 0.8314
 7.0979
 4.4257
 3.5672
 1.6156

 1.4167
 6.2162
 7.2051
 0.4309
 7.6895
 3.8239
 3.7355
 0.8370
 4.0864
 2.6928
 3.6265
 9.5746
 4.3238
 9.5475

 3.4949
 7.9690
 1.0553
 9.0008
 4.9565
 7.8142
 5.2533
 2.8710
 4.2374
 5.9496
 2.0553
 5.4536
 4.6391
 5.5348

 0.9125
 3.2940
 6.8184
 7.4130
 6.5410
 6.7387
 2.6569
 3.3109
 3.4920
 3.4227
10.7577
 5.0773

 5.3732
 4.8043
 1.2012
 6.5087
 2.3422
 9.2018
 4.8197
 6.8103
 1.3275
 2.9841
 4.6863
 4.9428
 6.5166
 2.4703

 5.0044
22.4411
 4.7153
 2.7901
10.5004
 7.3091
 3.5441
 8.6876
 3.8527
 3.4395
 5.1472
 2.8521
 1.0303
 4.8943
 7.1489

 6.2287
 2.5636
 4.8037
 1.7978
 5.1314
 4.1668
 6.1106
 3.5384
 4.9207
 9.5798
11.7336
 4.7291
 6.3226
 3.1639
 1.9183

 1.6906
 3.0705
 7.6324
 4.1242
 5.1131
 5.4769
 6.3546
 5.1667
 1.3785
 5.4311
 2.2244
 1.3441
 5.8633

 5.4246
 8.2542
 6.6689
 4.8377
 2.4198
 3.1864
 1.5365
 2.9209
 3.8846
 3.6647
 2.9567
10.2866
 0.2063

 3.0083
 1.6501
 7.8906
 5.3249
11.0376
10.7158
 3.4984
 5.5147
 7.0047
 4.0750
 5.5821
 4.1532
 2.3733
 4.6382
 0.6311

 5.6628
 4.5074
 4.0362
 7.1565
 6.6032
 3.7066
 7.8911
 2.6029
 9.3647
 7.0908
 3.4435
 2.0586
 1.1604
 6.5390
 3.2266
 9.4400

 9.6546
 6.0422
 5.7682
 1.0050
 7.6588
 2.7117
 3.5871
 4.9343
 4.3220
 4.6446
 3.3113
 5.3011
 2.7833
 2.9485
 8.9828

 2.2718
 4.3633
 3.1625
 6.3509
 7.3432
 7.0107
 1.8784
 1.4442
 2.4058
 5.9242
11.1290
 3.9504
 7.3787
 2.7831
 4.6796

 5.2066
 5.1174
 3.7996
 4.8465
 4.5558
 2.8547
 0.8328
 5.7741
 0.2505
 3.2930
 3.8458
 1.8183
 4.3625
 3.6088
 2.8526

 8.1476
 7.3873
 2.5937
 2.9705
 2.5476
 0.9767
 1.9827
 4.9097
 5.2903
 2.4006
14.0393
 3.5218
 3.0300
 1.1411
 4.5673
 2.6384

 3.4123
 7.2074
 9.9933
 2.1520
 1.7088
 5.2115
 4.1429
 5.6536
 1.9210
 7.5626
 3.7669
 3.1194
 3.6738

 4.1259
 3.1491
 5.1844
 1.5055
 4.8909
 4.2923
 3.7382
 5.5526
 4.0778
 2.7976
 3.4494
 2.0597
 4.9634

 4.6303
 1.1069
 2.7500
 1.7127
 5.5374
 1.7336
 5.0394
11.8958
18.4270
 0.7109
 6.9525
 2.6065
 0.5771

 5.5335
 8.1800
 4.6915
 4.5209
 5.2763
 2.3476
 5.3839
 5.0818
 4.3419
 2.1016
 7.1747
 2.7678
 4.4617
 6.8701

 4.2871
 1.3274
14.6820
 2.5369
 5.5888
 9.9870
 6.7917
 7.3594
 1.9122
 2.2119
 3.6096
 3.8579
 6.1399
 6.0619
 6.5915
23.7198
 1.4538

 3.8880
 1.4623
 4.8003
 2.1272
 6.9032
 4.9726
 5.0688
 2.0525
 1.7645
 5.5146
 5.8693
 2.9178
 3.4184
 2.5425
 0.8986
 1.7634
 5.3387
 6.8934

 3.9667
 6.8683
 3.7938
 6.6286
 3.9610
 4.4744
 3.9921
 3.0567
 3.5895
 5.7476
 7.6813
 1.8012
 2.3034
 2.2201
 1.8843
 5.5350

 3.2261
 3.6078
 6.2081
 9.7454
 2.0166
 7.0296
 6.1285
 2.0944
 7.7998
 4.0409
 3.3628
 2.9917
 5.8705
 4.1432
 3.1734
 3.6487
 9.3087

 8.6063
 5.1174
 7.4324
 2.3600
 5.9620
 3.1771
 0.1813
 5.4789
 7.3745
 1.8264
 5.1662
 6.5946
 3.5950
 0.5760
 1.6323
 4.2832

 5.1005
 1.5618
 4.9052
 1.0390
 3.1110
 4.1705
 2.5339
 4.0384
 6.0052
10.6752
 2.9259
 2.8537
 6.2549
 3.3013
 7.0699
 4.3270
 5.2964

 4.8084
 2.5979
 2.6632
 5.7158
 6.7465
 4.1495
 4.0139
 4.4247
 3.3581
 2.2282
 0.7076
 2.9487
 2.7873
 4.3838

 7.5960
 4.9580
 8.8642
 1.8417
 8.8860
10.8934
 6.0058
 9.7241
 4.4855
 5.1921
12.9589
 5.9136
 4.8615
 4.2924

 7.7822
 2.1052
 1.4355
 3.8801
 4.2230
 4.0285
 4.8574
 1.5083
 7.1403
 1.7770
 2.5186
 2.6110
 3.9483
 1.3164
 4.2024
 5.9583
 1.1458

 5.6278
 6.7365
 0.3250
 2.3992
 4.3298
 3.3940
 4.2496
 9.1905
 7.4708
 5.6680
 5.5208
 3.3731
 8.2972
 6.2689
 0.6756
 9.2086
 0.3785

 1.3284
 1.7111
 7.2750
 8.0596
 1.7467
10.9741
 0.5966
 7.0377
 2.6680
 2.1011
10.3897
 5.0500
 5.7105
 2.7240
 7.2628
 4.5114
 1.4456
 7.5274
 4.8686

 1.6739
 1.3508
 1.9919
 7.8217
 7.2663
 7.9153
 2.9298
 3.1428
 4.1342
 5.3733
 4.0378
 5.5523
 6.6356
 2.6209
 4.1012
 3.7466

 3.5369
 8.2723
 6.2856
 5.5885
 5.3973
 4.1154
 4.8406
 5.6056
 2.5510
10.0487
 2.5290
 3.2311
 3.3783
 2.0735
 1.5197

 5.5336
 3.1328
 2.3655
 5.1171
 4.2717
 5.0347
 0.7128
 2.0577
 4.6741
 6.6756
 6.9393
 4.7784
 5.7978
 8.8689
 9.3807
10.7467

 5.3565
 1.3522
 4.4049
 6.4310
 8.9748
 4.4371
 0.6076
10.3141
 3.2276
 6.4897
12.0242
 1.0903
 5.3852
 4.5222
 3.5766
 5.7627
 2.6616

 1.4841
 4.8641
 1.0116
 5.4320
 4.7534
 1.3952
 4.7451
 4.7646
 5.3034
 4.4106
 6.1414
 0.9207
 3.0132
 7.7830
 1.0413
 4.5834

 4.1567
 4.0459
 4.8373
 4.8003
 1.3171
 4.9642
 5.5418
 3.3269
 1.4325
 6.8872
 2.2375
 4.7386
 3.4698
 4.6616
 3.5162

 2.8304
11.1625
 7.4005
 3.5363
 2.5012
 6.9237
 4.0172
 3.4249
 6.8587
 3.1060
 3.2978
 5.2646
 2.8086
 6.3262
 5.7670

 8.2130
 2.8971
 0.1278
 3.9486
 6.8065
 3.4611
 4.4804
 2.9844
 6.1119
22.9053
 4.6503
 9.1786
 3.2198
 6.1284
 4.2490
12.2424
 1.0794

 1.4468
10.0418
 5.9159
 1.8906
 1.7286
 3.2420
 2.8989
 2.1592
 4.2119
 6.3242
 3.3185
 4.2008
 4.3776
 9.2975
 7.1644
 8.3553
 0.9404

 7.6662
 5.1783
 6.8240
13.9554
 5.3072
 2.8369
 5.7604
 4.1298
 1.5344
 5.5468
 3.4393
 3.8870
 5.0471
 0.9175
 2.4444
 1.8006
 4.8192

 5.2954
 3.2568
 6.8199
 1.8596
 3.7678
 3.3325
 8.2661
 3.0188
 3.4007
 9.5464
 4.2037
 3.8587
 5.0536
 4.9677
 7.6368
 1.4559
 6.9594

 7.6573
 2.6100
 5.1450
 7.0694
 4.4883
 4.7826
 1.3542
 7.4182
 7.1870
 3.3683
 7.0382
 8.2431
 9.4270
 4.6030
 5.7454
 4.6418
 2.5478
 5.7755

 8.2553
 2.4493
 6.0328
 7.8583
10.2246
 5.2838
 5.6011
 5.1916
 3.5386
 2.1371
 6.4360
 2.8574
 8.0989
 5.1196
 3.7769
 0.2548

 0.9588
 9.9346
 6.5441
 2.7630
 6.6711
 5.3732
 9.6588
 4.1493
 0.9442
 4.9486
 3.4912
10.4824
 3.0261
 7.2154
 2.2443
 6.9958

10.1815
 4.6912
 4.3107
 7.3950
 7.1073
 1.1390
 6.6078
 3.9075
 4.1490
 5.1217
 1.6176
 3.4877
 5.9425
 2.7520
 3.1873
 7.7446

 1.4450
 3.9805
 5.8663
11.1741
 2.7461
 3.5933
 2.6741
 8.2843
 1.6892
 2.0034
 6.5312
 8.4930
 4.9943
12.4382
 3.8869
 6.0760
 5.2203
 4.3033

 7.5922
 5.0781
 5.3363
11.5300
 8.2769
 1.2129
 6.5726
 4.1916
 4.2525
 3.2306
 5.0206
 1.7469
 6.0754
 1.8372
 3.7759
 3.9860
 1.5253

 1.8213
 6.2751
 3.0319
 1.1348
 1.6514
 5.4669
 7.2459
 4.6378
 3.3812
 4.1419
10.5883
 6.3047
 7.4252
12.5001
 6.1741
 6.6851
 7.1871

 4.4438
 9.1393
 3.1299
 7.2693
 7.5171
 7.8858
 7.7592
 7.6724
 2.8875
 9.0533
 3.1698
 4.3910
 5.1214
 4.3174
 7.5496
 1.8211
 2.4005

 2.4540
 2.6061
 4.4559
 8.3769
 4.0713
 6.3221
 6.4280
 1.3736
 2.2725
 2.5456
 8.1447
16.1345
17.2749
 3.4040
 1.5501
 1.7843

 5.2897
 2.5156
 2.1325
 4.7586
 6.9422
 6.8206
 4.7799
 3.8081
 6.1870
 4.9016
 5.6495
 4.6840
 3.3154
 4.4992
 4.5296

 3.0387
 2.2023
 4.1688
 2.4594
 9.7198
 3.6149
 7.4898
 6.8227
 4.9597
 3.9535
 3.1427
 4.0105
 2.0337
 4.0567
 6.9563

 5.3359
 5.4867
 1.5990
 7.6480
 1.9728
 5.8595
 0.8715
 6.0322
 5.7974
 6.1275
 1.3041
 2.3148
 2.3613
 3.9090

 4.2218
 6.7900
 4.1451
 6.7957
 4.5880
 7.1151
 0.2215
 3.3725
 4.5551
 1.5276
 3.5793
 2.1315
 5.1260
 4.2431
 3.4727

 5.8259
 2.5267
 2.3172
 4.1121
 2.7769
 4.5418
 4.1764
 4.3478
 6.5163
 7.0413
 6.9404
 6.3095
 4.4680
 6.0051
 3.0449
 6.2722

 6.2743
 1.6065
 3.7379
 3.4256
 3.3724
 1.3605
 5.1832
 3.5029
 3.7964
 6.4429
 4.4545
 4.0456
 1.1074
 8.7369

 4.0706
 4.2876
 7.1664
 3.1609
 4.0249
 5.6184
 4.4058
 3.2749
 2.5002
 1.5987
 3.8297
 6.2978
13.9315
 5.4019

 6.6828
 4.2679
 7.6904
 2.9443
 7.7718
 6.5016
 2.2920
 5.7217
 5.2073
 1.9633
 7.4106
 1.6585
 7.7522
 6.6345
 9.2821

 9.0262
 3.2212
 3.1446
 4.7858
 5.6619
11.6482
 6.7057
 2.9568
 2.5657
 2.8140
 3.6677
 2.2935
16.4503
 7.0812
 5.8242
 3.7660

 5.3821
 5.0567
 5.1839
 9.1791
 5.6379
 4.6461
 3.7890
 1.5979
 4.5453
 3.8494
 6.6797
 5.8522
 9.7767
 2.9662
 7.9079
 2.8096
 2.2273
 3.9318

 1.7350
 1.8381
 3.5945
 6.3093
 4.8294
 4.4909
 3.4169
 2.0622
 7.5074
 6.8697
 2.8683
 6.3308
 2.9017
10.8476
 5.6116
 5.7966

 6.5222
 2.7621
 1.1159
 5.6455
 2.6804
 6.3939
 6.0292
 1.7729
 3.2457
 7.4111
 5.1967
 0.4533
 3.2809
 6.1254

 2.1176
10.1507
 6.5012
 4.6965
 5.3591
 6.8904
 3.7082
 0.6962
 4.8992
 0.8240
 8.5475
 9.2459
 6.4153
10.3532
 6.4688

 6.3101
 3.2224
 7.4170
 6.4745
 6.4738
 7.5964
 6.5526
 5.9531
 5.6513
12.0609
 4.6469
 5.8525
10.3159
 3.3714

 5.6125
 4.8166
 4.5801
 3.6265
 2.2234
 9.5530
 8.8856
 2.7641
 2.2298
 1.8686
 4.2829
 8.8167

10.7573
 6.9062
 1.5392
 2.3330
 2.5992
13.3974
 8.5383
 2.2477
 4.0456
 7.6313
 2.5004
 6.6685

 9.5836
 7.0110
 6.0354
 1.3654
 4.0688
23.8520
 2.7916
 3.5286
 3.1632
 3.2348
 4.8978
 6.6369

 7.7117
 5.6867
 3.2782
 7.1356
 5.3153
 5.6948
 7.9664
 1.9996
 1.5803
 7.7084
 5.3888

 5.3886
 7.0960
 1.5957
 5.3748
 3.1684
 6.9900
 4.6807
 3.4808
 4.1522
 5.3313
 0.6405
 5.4449
 7.6322

 0.8547
 2.1779
 5.8276
 3.5586
 7.5384
 2.1038
 7.1127
 8.5298
 5.3437
 5.7391
 2.6257
 3.9771

 1.6279
 7.8038
 4.4841
 7.6565
 8.1914
 0.6804
 4.8383
 4.7015
 6.6034
 3.6477
 6.0528
 0.5610
 5.8443

 4.7093
 5.6091
 0.8811
 8.4448
 4.6665
 3.9916
 6.9136
 5.5149
 1.4684
 2.3909
10.6615
 0.5433
 2.4452

 9.4991
 4.2944
 9.2477
 6.3198
 3.4291
 9.6990
 9.0870
 2.8856
 3.0741
 1.5984

 0.3944
 3.7642
 4.8819
 3.8081
 2.9587
 3.4857
 4.3816
 6.5697
 9.2004
13.7134
 4.6607
 5.5717

10.0791
 5.1529
 5.0527
 3.1487
 5.6609
 0.2857
 1.1728
 6.7685
 5.2708
 8.4619
 5.1542
 9.9153
 3.3140

 2.7729
 0.1128
 8.0025
 4.5838
 2.4446
 6.3412
 9.0278
 3.6320
 6.6115
 3.8544
 9.8163
 4.2144
 5.2336
 6.9775

 3.2182
 3.7287
 2.1091
 2.8441
 2.3667
 8.1352
 1.1855
 2.1381
 4.8640
 4.0144
 2.1015
 2.7987
10.6700

 5.5869
 1.6871
 4.0827
 0.6941
 6.3392
 4.5588
 4.4845
 1.7114
 6.8295
 1.9360
 6.1456
 3.9759
 0.7127
 6.8737

 4.5580
 4.3398
 6.2462
 5.4444
 5.4507
 3.3024
 1.7517
 4.0188
 3.0000
10.9214
 3.8584
 6.1661

 5.0679
 5.4220
 4.3305
 5.8522
 0.2070
 4.7371
 1.4389
 3.6792
 7.5180
 6.2157
 6.5809
 2.9735
10.0908
 6.3225

 3.6179
 7.4196
 5.1563
 0.4729
 5.1669
 3.6498
 6.7256
 3.4626
 4.8215
 4.2977
 2.8798
 5.5668

 6.0389
 1.9112
11.3213
 5.2417
 9.0448
 8.0963
 2.9113
 5.7312
 4.6745

 5.5045
 5.1019
 2.2282
 6.2944
 1.1781
 5.5022
 5.3888
 6.9727
 6.0846
 4.1511
 3.0825

 9.9426
 1.6704
 3.3682
 3.4947
 7.1635
 4.7770
 6.6946
 1.9346
 2.2401
 4.8167
 1.6324
 0.7860

 7.2057
10.8822
 5.8502
 1.8356
 9.1166
 3.9396
 3.5211
 5.1448
 8.2019
 8.2070
 4.0657
10.5482
 7.9686
 3.9611
 2.6602

 3.2707
 7.0580
 6.1666
 3.8488
 2.6233
 2.0692
 9.2774
 2.9901
 2.4083
 4.2929
 2.8559
 3.3280
 6.9108
 6.2093
 1.7984
 5.6964

 1.0346
 1.6887
 1.6022
 5.8976
 2.9190
 5.2339
 5.1904
 5.1935
 6.0777
 2.1190
 3.3004
 5.4673
 2.6594
 3.2456

 2.7945
 7.3762
 4.9324
 2.1519
11.1103
 8.1290
 6.0276
 6.7425
 3.5770
 8.1082
 4.9572
 6.4255
 8.5105
 5.2963
 5.3360
 4.4011

 2.7883
 4.9470
 7.9132
 2.5212
 4.9579
 8.0232
10.3393
 1.3627
 3.3946
 6.2412
 7.3183
 5.6849
 4.4366
 9.7196
 7.3374

 7.0738
 6.9790
 8.5895
 2.4623
 7.0369
 3.3924
 6.7193
 9.7029
10.8917
 1.6132
 5.7499
 6.3661
 1.4124
 8.7358

 3.4066
 6.2041
 6.9144
 4.1932
 6.6254
 2.5234
 5.0118
 5.8177
 2.2422
 4.3762
 7.7317
 0.7145
 9.5832

 2.2903
 1.3165
 4.4134
 5.6612
 6.7884
 6.1401
 4.3093
 2.9312
 6.8292
 8.4024
 6.7578
 1.7468
 2.1621
 5.9191

 1.6950
 4.0202
 8.2646
 4.6484
 3.5397
 3.4826
 3.7894
 5.9055
 3.6044
12.6536
11.2838
 6.7677
 2.5108
 5.1466
 2.1736
 1.5718

 9.8610
 2.5064
 9.2772
 2.0905
 1.0112
10.9321
 3.6081
 3.0228
 3.0084
 2.7433
 3.4094
 6.3176
 1.9787
 7.8882

 4.6376
 3.9203
11.0527
 9.5063
 6.1272
 8.6679
11.2008
 3.3363
 2.9421
 9.5426
 2.2836
 3.3038

 7.4529
 6.3344
 0.5413
 4.7175
 9.4065
 3.5895
 4.4654
 4.3799
 6.1185
20.9539
 4.5791
 8.9113
 3.7946

 3.3496
 0.5130
 4.4096
 3.0059
 6.4760
 3.1568
 5.3505
 6.3889
 9.5361
 4.6064
 3.3916
 3.1794
 5.3693

 9.8718
10.3826
 4.5339
 5.9285
 8.2542
 8.7026
 5.5509
 3.4214
 1.6172
 1.7051
 7.2944
 3.3892
 4.7400
 6.2907
 3.1157

 5.7064
 4.3867
 5.0198
 6.3355
 5.5871
 4.0814
 1.7202
 6.7679
 0.5515
 7.6351
 4.0143
 6.3056
 0.1208
 6.3622
 4.9780
 7.0969

 3.0303
 4.7175
 6.4547
 3.9556
 1.4957
 6.9062
 4.1194
 4.0824
 2.7470
 2.9977
 5.4500
 9.6363
 2.7245
 4.0196

 4.3677
 4.8034
 8.8539
 5.7642
 1.7052
 2.9745
11.5541
 9.7159
 5.8424
10.0282
 2.9114
 5.3430
 9.6529

 4.9093
 0.6005
 3.1542
 1.2952
 7.0926
 5.9459
 4.9440
 8.2659
 3.5534
 1.9944
 9.5084
11.9365
 0.7338

 7.4332
 3.9097
 1.5863
 7.5681
 5.5994
 2.9363
 3.4234
 4.8566
 4.2162
 4.7207
 4.5824
 2.2456

 5.6093
 5.2238
 5.4336
 1.0129
 5.5264
 3.2678
 5.6772
 4.5326
 7.9182
 2.7749
 6.6934
 3.0342

 4.5288
 0.5642
 6.3023
10.8183
 2.2680
 0.7329
 5.4858
 2.6317
 7.9837
 1.6886
 4.2043

 6.7655
 3.2570
 2.0891
 6.1782
 5.4683
 1.6684
 2.7700
 8.0916
12.3803
 7.4565
 1.9976
 3.1971

 5.0902
 3.9945
 3.9514
 6.2699
 3.0546
 6.0742
 3.9062
 5.2432
 7.4621
 4.5879
 8.7382
 3.8896
 4.5720
 8.5700
 4.7425

 3.6325
 6.4514
 3.6518
 7.8071
 5.5422
 9.1877
 6.1853
 0.4688
 7.6755
 7.3764
 3.9930
 4.6678
 2.6210
 4.5124
 5.2160
 6.5997

 6.1664
 6.9379
 1.5092
 5.3237
 8.2197
 2.5217
 9.5633
 0.4729
 1.5428
 5.0560
 8.8040
 0.9849
10.6606
 4.2821
 7.4670
 6.0573
 6.0031

 4.7127
 2.8738
 5.9757
 4.4853
 4.6862
 2.0150
 7.2189
 8.6831
 4.1632
 8.7861
 7.4404
 9.6572
 9.4208
 0.5776
 3.2697
 2.7073
 8.9207

 4.1551
 3.2214
 6.3498
 3.3474
 9.0700
 8.9003
 5.5484
 3.7438
 2.8490
 1.4008
 4.5016
 4.4574
 2.7931
 2.0016
 3.5716
 1.9106
 4.0339
 5.0833
 0.0968

 3.6947
 4.2568
 5.4630
 6.4554
 4.0768
 5.6032
 2.2305
 3.3713
 5.4752
 5.9642
 5.1417
 5.0333
 7.1876
 3.8264
 9.2219
 7.9775
 5.7913

 7.7105
 4.5139
 4.4681
 7.6317
 4.4337
 6.7358
 5.2995
 4.3333
 6.6664
 2.4567
 6.6938
 2.9893
 6.5167
 1.3764
 4.5933
 2.5186
 2.7214

 6.6096
 6.5303
 3.7093
 4.1606
 2.5266
 4.6348
 4.2788
 8.2802
 2.7340
 5.0633
 5.7873
 7.2434
 2.7575
 4.9246

 5.2200
 3.6219
 4.1072
 5.4697
 4.3710
 2.7305
 1.3290
 5.1422
 1.0272
 2.7091
 5.0518
 6.8932
 1.9202
 2.8754
 6.4603
 4.8951
 5.9628
 2.5890

 2.1308
 6.0724
 3.7180
 5.8457
 0.9658
 7.7493
 3.7799
 5.3408
 2.1999
 2.4093
 3.1948
 7.8587
10.2087
 4.2105
 6.5580
 5.5283
 0.8541
 2.8841

 4.3794
 2.6316
 3.8417
11.2868
 7.3944
 2.6567
 4.4723
 2.6891
 7.1380
 3.3379
 6.8374
 9.7486
 0.1973
 6.2296

 5.5937
 4.0506
 1.4828
 7.5080
 1.0376
 4.4203
 1.8219
 3.6828
 2.1053
 0.9223
 2.5368
 6.8350
 3.4489
 2.0888
 2.2500

 2.5564
 7.2324
 4.3728
 6.5849
 5.7727
 2.9625
 4.6873
 5.9134
 7.6318
 0.9447
 2.5950
 6.0114
 5.8015
 9.0718
 3.5393

 2.4250
 4.8549
 6.8664
 4.9863
 5.5503
 6.1309
 1.9306
 0.6350
 1.8126
 4.8718
 2.0869
 6.9343
 1.3585
 3.4443

 3.9283
 2.9328
 3.4401
 7.1507
 3.3644
 7.3638
 1.8698
 2.0044
 2.5432
 4.7648
 5.3768
 3.4332
 6.1232
 6.4471
 3.6740

 4.0957
12.1062
 7.4546
 3.1242
 8.3811
 9.3943
 1.1705
 5.8620
 3.2187
 4.5082
11.8093
 6.4330
 3.1427
 8.2446
 7.5863

 1.7923
 2.6607
 2.0277
 5.9227
 4.6525
 2.2676
 4.1923
 5.2164
 4.4975
 6.8029
 4.9542
 8.7713
 4.9582
 6.6746
 2.2673
 8.8270
 9.5842

 3.4003
 3.2284
 7.7236
 4.7663
 3.2131
 7.0276
 5.0067
 3.7414
 7.2901
 1.7206
 5.1761
 1.8218
 1.8800
 1.3422

 4.0540
 2.4399
 7.0556
 2.2147
 8.3683
 6.3077
 9.7253
 4.9814
 6.2817
 4.2407
 4.4721
 1.2474
 7.4972
 2.6114
 3.2641

 2.1414
 0.8307
 1.4043
 5.9906
 5.4744
 7.5254
 5.4121
 4.2999
 5.4371
 0.9931
 6.1327
 1.8945
12.3860
 6.7023

 9.6889
 1.9041
 1.5649
 1.5430
11.0028
 9.2321
 1.7304
 4.4809
 2.8292
 8.2691
 3.0849
 2.3000
12.2586
 0.4959

 6.3344
 5.9061
 6.1374
 6.2476
 1.6870
 6.3605
 6.9818
 4.4218
 5.4306
 6.7851
 5.3637
 2.6194
 8.3141
 6.2455
 4.2465

 5.0434
 6.9104
10.5271
 6.9338
 4.4773
 3.9818
 4.4833
 3.3129
 2.5200
 6.1913
10.1829
 3.0789
 4.5520
 7.8983
 1.4257

 3.7632
 5.2564
 3.1065
 3.5145
 3.7866
 4.8086
 1.9724
 7.5944
 1.4002
 0.3457
 3.2358
 3.5338
 5.7743
 5.5071
 2.6521

 3.6003
 3.4524
 7.5007
 7.2866
 6.1823
 6.5411
 2.7330
 6.1738
 6.5358
 7.3754
 5.5819
 7.1541
 5.6745
 5.8799

 4.3807
 1.8875
 3.9910
 5.6294
 9.1890
 7.0562
 5.7676
 5.9032
 1.9537
 4.2388
 5.6338
 1.5944
 8.0117

 4.9353
 2.8695
 2.3076
 3.1692
 5.2150
 6.3939
 1.3795
 5.3786
 9.5450
 2.8804
 3.2252
 4.8657
 2.8472
 2.9413
 2.3507
 6.0164

 4.2118
 2.9797
 4.9348
 4.6517
10.1442
 6.6195
 1.9815
 7.9975
 0.5472
 6.6468
 9.9873
 9.5973

 4.2504
 2.4049
 2.3925
 4.7766
 8.9179
 3.7972
 9.1132
 4.9165
 8.5649
 2.6856
 9.6318
 6.2826

 4.8787
 3.4665
 7.9696
 6.7418
 4.9053
 1.1228
 4.4259
 9.2552
 3.5969
 3.4953
 3.0994
 3.4639

 2.3603
 7.3321
 2.1688
 6.1274
 9.7981
 9.3047
 2.2893
 1.9350
 7.4378
 4.6499
 6.4233
 4.5329

 4.7160
 4.0815
 4.1031
 3.1485
 4.2780
 4.4187
 9.7383
 5.6413
 7.9487
 3.1349
 8.2531

 6.9911
 2.1024
 6.3204
 2.9609
 4.9352
 1.8991
 6.5451
 1.7492
 7.7968
 9.4180
 5.0195
 3.1235

 4.0636
 1.8090
 5.2238
 4.4401
 2.0177
 4.7304
 6.5267
 6.2469
 8.3630
 3.2473
 5.6362
 1.7903

 9.6918
 6.7630
 5.0888
 4.1927
 6.3396
 3.5780
 2.0353
 7.2808
 6.4040
 6.5541
 4.9226
 2.2881

 2.7528
 4.6848
 4.2357
 4.2548
 9.8573
 2.0716
 8.6374
 5.2560
 8.0836
 5.5833
 2.8670
 4.4081

 2.3860
 2.5563
 3.3121
 0.4655
 1.5436
 3.6105
 4.2981
 4.9438
 3.2411
 2.4457
 1.9697
 4.7402

 5.4519
 8.2708
 5.6583
 6.7759
 4.0198
 4.6204
 7.5939
 6.1449
 6.1528
 4.3906
 5.9665

 5.4623
 3.7564
 4.1706
 1.6709
 8.7996
 4.9689
 3.2947
 5.1698
 0.7612
 0.7609
 3.8625

 9.2480
 8.1661
 1.1383
 5.5685
 3.0029
 8.0373
 5.0363
 4.1078
 6.6297
 0.7747
 3.9166

 2.3891
 3.3032
 3.6241
 9.4135
 8.2935
 1.2859
 5.4854
 4.2695
 2.1601
 6.7150
 6.5131
 5.0160

 1.8572
 6.9270
 3.7497
 4.6791
 2.7296
 5.3320
 0.8256
 3.9602
 3.3741
 2.6309
 3.1545
 2.0059

 1.2476
 2.9063
 7.1320
 6.0995
 4.4725
 6.3797
 0.3415
 4.1358
 4.9289
 1.9468
 3.8934

 3.8256
 6.7515
 3.3699
 5.0303
 6.1399
 2.5655
 6.7411
 6.0312
 3.3690
 5.3369

 4.7776
 1.6001
 5.0343
 7.3626
 9.6511
 3.8740
 1.9203
 4.7022
 4.2776
 0.9801
 7.8550
 4.1027

 4.0999
 2.8585
12.4646
 7.4023
 4.2306
 3.7116
 9.0660
 7.6797
 7.7542
 5.2409
 3.7339
 4.5649

 3.3272
 3.0915
 8.3486
 5.0806
 1.4282
 5.2032
 3.9614
 0.9591
12.5504
 2.5022

 4.0398
 8.8155
 6.5610
 0.4743
 8.3401
 6.1330
11.9122
10.3154
 7.0576
 1.8948
10.4281
 1.9058

 4.3868
 3.8131
 2.7265
 6.0391
 2.9056
 3.2987
10.8669
 8.8464
 4.0218
 6.5142
 4.4090
 2.8867

 0.9361
 7.1861
 7.0331
 5.3800
 2.2910
 6.2247
 4.0057
 5.9005
 6.2736
 4.0884

 2.3808
 4.2986
 2.6972
 9.0964
 2.9060
 4.6862
 1.1354
10.5225
 5.4422
 1.5614

 7.9327
 5.3499
 3.8186
 5.8897
 3.6358
 4.3350
 8.2712
 3.8447
 3.6189
 3.5821
 1.5031

 2.2431
 8.1560
 3.0082
 6.8374
 2.7663
 3.5632
 4.4482
 4.5442
 5.7790
 4.8695
 5.9535
 6.9155

 4.3018
 3.2276
 2.7349
 1.4302
 3.8119
 6.1821
 2.9751
 2.7517
 1.6558
 5.6909
 4.6319
 4.9118

 7.3955
 6.4431
 1.9100
12.8708
 3.2799
 3.9318
 3.5446
 0.6877
 7.9307
 6.2023
 2.1864
 2.4868

 1.7597
 3.9246
 6.6061
 7.0502
 9.1138
 4.4111
 2.8061
 4.4523
 4.0729
 4.9031
 1.1330
 6.1010
 4.3886

 4.0200
 3.1195
 5.6861
 5.0965
 1.6510
 6.7729
 3.5193
 6.9714
 3.3562
 2.5173
 3.4568
 3.8178
 3.9718

 2.2973
 2.9790
 3.0005
 1.9815
 3.2226
 6.5351
 3.4500
 7.3902
 4.1951
 7.3125
 6.3928
 3.0368

 0.7997
 3.5626
 8.7927
 4.0277
 2.7775
 5.1215
22.3174
 5.6148
 7.8824
 3.7034
 5.9019

 2.7026
10.2110
 6.4137
 5.9258
 4.3168
 3.4425
 1.9341
 8.0120
 3.1491
 5.5367

 1.9401
 8.2443
 5.0042
 3.8186
 5.2538
 1.9381
 6.4950
 5.8512
 9.9911
 6.5971
 6.6153
 4.3562

 2.3185
 2.8013
 4.5367
 2.0106
 2.0276
 4.1362
 7.3494
 5.6655

 1.5244
 1.4501
 2.7450
 0.2798
 6.1113
 4.4574
 6.0383
 6.2155

 4.6090
 3.9011
 6.4661
 3.1357
 5.4781
 7.3205
 1.9781
 2.5927
 3.4601

 3.9646
 4.7979
 6.6375
 7.2828
 1.7177
 7.8413
 7.6224
 3.1166

 6.9038
 6.9737
 2.9042
 9.8466
 2.7646
 6.4183
 6.6460
 9.7192
 7.3591

 4.7657
 3.6511
 9.3823
 2.3990
 3.5017
 2.7927
 3.5320
 4.8952
 5.8119

 5.1238
11.1746
 4.0845
 8.9364
 7.4354
 5.4312
 6.1720
 2.4621
 3.0746

 3.6672
 4.1223
 6.0945
 0.7732
 4.0510
 3.1395
 4.2792
 1.5984

 6.5380
 1.3239
 6.4231
 1.5221
 2.5209
 6.4503
 3.4341
 3.7240
 3.3776

 6.5372
 5.1701
 3.0377
 1.9026
 4.1967
 5.6799
 6.9910
 3.2536
12.2415
 6.0885
 3.9359

 3.8251
 2.5915
 3.5800
 3.2373
 5.3852
10.2130
 4.7853
 3.3266
 4.8271

 3.6919
 5.9923
 6.6529
 5.7645
 8.0167
 3.3681
 5.8697
 1.4459
 6.7102

 8.0224
 2.5364
 4.6866
 5.1748
 5.6495
 1.5436
 6.4182
 2.5182
 0.6660
 4.6600

 5.6164
 2.4877
 9.0734
 6.3839
 4.7806
 4.6405
 0.7818
 3.4902
 6.0879
 5.3047

 1.1330
 3.2413
 4.5460
 2.5471
 3.2012
 8.0549
 0.8199
 4.9648
 1.2746
 3.8094

 9.1194
 1.8801
 4.2933
 6.6111
 8.5374
 5.5174
 1.3294
 8.7335

 3.0215
 4.0817
 4.0275
 2.0685
24.5192
 7.9117
 5.1707
 5.1187
 2.5957

 5.3595
 0.4783
 1.9960
 5.2066
 3.8872
 5.7852
 3.2513
 7.3682
 6.9871

 4.3681
 1.4857
 3.6699
 7.6800
 5.2826
24.8171
 6.7833
 1.8333
 6.3585
 1.6824
 3.4293

 6.0437
 1.6736
 5.9324
 7.2036
 3.7030
 9.3988
 6.5996
 2.9493
 5.0278

